-0.0329748
-2.375032e-02
-1.478900e-02
-6.062179e-03
2.454476e-03
1.078180e-02
1.893771e-02
2.693769e-02
3.479522e-02
4.252203e-02
5.012842e-02
5.762344e-02
6.501511e-02
7.231050e-02
7.951593e-02
8.663702e-02
9.367882e-02
1.006458e-01
1.075422e-01
1.143715e-01
1.211371e-01
1.278421e-01
1.344892e-01
1.410808e-01
1.476194e-01
1.541070e-01
1.605455e-01
1.669367e-01
1.732823e-01
1.795837e-01
1.858424e-01
1.920597e-01
1.982368e-01
2.043748e-01
2.104747e-01
2.165376e-01
2.225643e-01
2.285558e-01
2.345128e-01
2.404361e-01
2.463264e-01
2.521844e-01
2.580107e-01
2.638060e-01
2.695707e-01
2.753055e-01
2.810109e-01
2.866873e-01
2.923353e-01
2.979552e-01
3.035474e-01
3.091125e-01
3.146508e-01
3.201626e-01
3.256483e-01
3.311083e-01
3.365429e-01
3.419524e-01
3.473371e-01
3.526972e-01
3.580332e-01
3.633452e-01
3.686336e-01
3.738985e-01
3.791402e-01
3.843590e-01
3.895551e-01
3.947287e-01
3.998801e-01
4.050094e-01
4.101168e-01
4.152026e-01
4.202670e-01
4.253101e-01
4.303321e-01
4.353333e-01
4.403137e-01
4.452736e-01
4.502131e-01
4.551324e-01
4.600317e-01
4.649111e-01
4.697707e-01
4.746107e-01
4.794313e-01
4.842327e-01
4.890148e-01
4.937780e-01
4.985223e-01
5.032478e-01
5.079548e-01
5.126433e-01
5.173134e-01
5.219653e-01
5.265991e-01
5.312149e-01
5.358128e-01
5.403931e-01
5.449557e-01
5.495007e-01
5.540284e-01
5.585388e-01
5.630320e-01
5.675082e-01
5.719673e-01
5.764097e-01
5.808352e-01
5.852441e-01
5.896365e-01
5.940124e-01
5.983719e-01
6.027152e-01
6.070424e-01
6.113534e-01
6.156485e-01
6.199277e-01
6.241912e-01
6.284389e-01
6.326710e-01
6.368876e-01
6.410888e-01
6.452746e-01
6.494452e-01
6.536006e-01
6.577409e-01
6.618663e-01
6.659767e-01
6.700722e-01
6.741530e-01
6.782191e-01
6.822706e-01
6.863077e-01
6.903302e-01
6.943384e-01
6.983323e-01
7.023120e-01
7.062776e-01
7.102291e-01
7.141667e-01
7.180903e-01
7.220001e-01
7.258961e-01
7.297784e-01
7.336471e-01
7.375022e-01
7.413439e-01
7.451721e-01
7.489871e-01
7.527887e-01
7.565771e-01
7.603524e-01
7.641146e-01
7.678638e-01
7.716001e-01
7.753234e-01
7.790340e-01
7.827318e-01
7.864170e-01
7.900895e-01
7.937495e-01
7.973970e-01
8.010320e-01
8.046547e-01
8.082650e-01
8.118631e-01
8.154491e-01
8.190229e-01
8.225846e-01
8.261343e-01
8.296721e-01
8.331980e-01
8.367120e-01
8.402143e-01
8.437049e-01
8.471837e-01
8.506510e-01
8.541068e-01
8.575510e-01
8.609838e-01
8.644052e-01
8.678153e-01
8.712141e-01
8.746017e-01
8.779781e-01
8.813434e-01
8.846976e-01
8.880408e-01
8.913731e-01
8.946945e-01
8.980050e-01
9.013047e-01
9.045936e-01
9.078719e-01
9.111395e-01
9.143965e-01
9.176429e-01
9.208789e-01
9.241043e-01
9.273194e-01
9.305241e-01
9.337186e-01
9.369027e-01
9.400766e-01
9.432404e-01
9.463941e-01
9.495376e-01
9.526712e-01
9.557947e-01
9.589084e-01
9.620121e-01
9.651060e-01
9.681901e-01
9.712644e-01
9.743291e-01
9.773840e-01
9.804294e-01
9.834651e-01
9.864913e-01
9.895080e-01
9.925148e-01
9.955107e-01
9.984904e-01
1.001430e+00
1.004223e+00
1.006405e+00
1.005946e+00
9.941300e-01
9.348232e-01
6.968917e-01
3.008397e-03
-9.682186e-01
-1.426824e+00
-1.517820e+00
-1.525310e+00
-1.518611e+00
-1.509549e+00
-1.500043e+00
-1.490408e+00
-1.480702e+00
-1.470936e+00
-1.461117e+00
-1.451249e+00
-1.441335e+00
-1.431380e+00
-1.421387e+00
-1.411359e+00
-1.401299e+00
-1.391210e+00
-1.381096e+00
-1.370958e+00
-1.360799e+00
-1.350621e+00
-1.340428e+00
-1.330221e+00
-1.320002e+00
-1.309773e+00
-1.299536e+00
-1.289294e+00
-1.279047e+00
-1.268797e+00
-1.258546e+00
-1.248296e+00
-1.238047e+00
-1.227802e+00
-1.217562e+00
-1.207327e+00
-1.197100e+00
-1.186881e+00
-1.176671e+00
-1.166472e+00
-1.156284e+00
-1.146109e+00
-1.135947e+00
-1.125799e+00
-1.115667e+00
-1.105551e+00
-1.095451e+00
-1.085369e+00
-1.075305e+00
-1.065261e+00
-1.055235e+00
-1.045231e+00
-1.035246e+00
-1.025284e+00
-1.015343e+00
-1.005425e+00
-9.955299e-01
-9.856583e-01
-9.758106e-01
-9.659874e-01
-9.561890e-01
-9.464158e-01
-9.366682e-01
-9.269466e-01
-9.172513e-01
-9.075827e-01
-8.979410e-01
-8.883267e-01
-8.787398e-01
-8.691808e-01
-8.596499e-01
-8.501473e-01
-8.406733e-01
-8.312280e-01
-8.218117e-01
-8.124246e-01
-8.030668e-01
-7.937385e-01
-7.844400e-01
-7.751712e-01
-7.659325e-01
-7.567239e-01
-7.475455e-01
-7.383975e-01
-7.292799e-01
-7.201929e-01
-7.111365e-01
-7.021109e-01
-6.931161e-01
-6.841521e-01
-6.752191e-01
-6.663171e-01
-6.574461e-01
-6.486062e-01
-6.397974e-01
-6.310198e-01
-6.222734e-01
-6.135581e-01
-6.048741e-01
-5.962213e-01
-5.875997e-01
-5.790094e-01
-5.704503e-01
-5.619224e-01
-5.534257e-01
-5.449602e-01
-5.365258e-01
-5.281227e-01
-5.197506e-01
-5.114096e-01
-5.030997e-01
-4.948207e-01
-4.865728e-01
-4.783558e-01
-4.701696e-01
-4.620143e-01
-4.538898e-01
-4.457960e-01
-4.377329e-01
-4.297003e-01
-4.216984e-01
-4.137269e-01
-4.057858e-01
-3.978751e-01
-3.899946e-01
-3.821444e-01
-3.743243e-01
-3.665342e-01
-3.587741e-01
-3.510440e-01
-3.433436e-01
-3.356730e-01
-3.280320e-01
-3.204206e-01
-3.128386e-01
-3.052861e-01
-2.977628e-01
-2.902688e-01
-2.828039e-01
-2.753680e-01
-2.679611e-01
-2.605830e-01
-2.532336e-01
-2.459129e-01
-2.386207e-01
-2.313570e-01
-2.241217e-01
-2.169146e-01
-2.097357e-01
-2.025848e-01
-1.954619e-01
-1.883669e-01
-1.812996e-01
-1.742599e-01
-1.672478e-01
-1.602632e-01
-1.533059e-01
-1.463758e-01
-1.394729e-01
-1.325970e-01
-1.257480e-01
-1.189258e-01
-1.121304e-01
-1.053615e-01
-9.861918e-02
-9.190324e-02
-8.521358e-02
-7.855010e-02
-7.191270e-02
-6.530127e-02
-5.871570e-02
-5.215588e-02
-4.562172e-02
-3.911310e-02
-3.262991e-02
-2.617205e-02
-1.973942e-02
-1.333190e-02
-6.949384e-03
-5.917748e-04
5.741038e-03
1.204916e-02
1.833270e-02
2.459176e-02
3.082646e-02
3.703688e-02
4.322315e-02
4.938536e-02
5.552362e-02
6.163804e-02
6.772871e-02
7.379575e-02
7.983927e-02
8.585935e-02
9.185611e-02
9.782966e-02
1.037801e-01
1.097075e-01
1.156120e-01
1.214937e-01
1.273527e-01
1.331891e-01
1.390030e-01
1.447945e-01
1.505637e-01
1.563107e-01
1.620356e-01
1.677385e-01
1.734195e-01
1.790787e-01
1.847162e-01
1.903321e-01
1.959265e-01
2.014995e-01
2.070512e-01
2.125817e-01
2.180910e-01
2.235794e-01
2.290468e-01
2.344934e-01
2.399193e-01
2.453245e-01
2.507092e-01
2.560735e-01
2.614174e-01
2.667411e-01
2.720446e-01
2.773280e-01
2.825914e-01
2.878349e-01
2.930587e-01
2.982627e-01
3.034472e-01
3.086121e-01
3.137575e-01
3.188836e-01
3.239905e-01
3.290782e-01
3.341468e-01
3.391964e-01
3.442271e-01
3.492390e-01
3.542322e-01
3.592067e-01
3.641626e-01
3.691001e-01
3.740191e-01
3.789199e-01
3.838024e-01
3.886668e-01
3.935131e-01
3.983414e-01
4.031517e-01
4.079440e-01
4.127182e-01
4.174738e-01
4.222100e-01
4.269247e-01
4.316136e-01
4.362672e-01
4.408657e-01
4.453675e-01
4.496862e-01
4.536417e-01
4.568634e-01
4.585913e-01
4.572866e-01
4.498873e-01
4.305029e-01
3.885242e-01
3.072855e-01
1.677249e-01
-3.568205e-02
-2.728322e-01
-4.859487e-01
-6.353196e-01
-7.210248e-01
-7.628983e-01
-7.797789e-01
-7.836854e-01
-7.811497e-01
-7.754784e-01
-7.682940e-01
-7.603830e-01
-7.521253e-01
-7.437047e-01
-7.352106e-01
-7.266867e-01
-7.181546e-01
-7.096253e-01
-7.011044e-01
-6.925952e-01
-6.840994e-01
-6.756182e-01
-6.671525e-01
-6.587029e-01
-6.502701e-01
-6.418545e-01
-6.334567e-01
-6.250770e-01
-6.167160e-01
-6.083740e-01
-6.000513e-01
-5.917484e-01
-5.834656e-01
-5.752032e-01
-5.669615e-01
-5.587409e-01
-5.505415e-01
-5.423638e-01
-5.342078e-01
-5.260740e-01
-5.179624e-01
-5.098733e-01
-5.018069e-01
-4.937635e-01
-4.857431e-01
-4.777461e-01
-4.697724e-01
-4.618223e-01
-4.538960e-01
-4.459935e-01
-4.381150e-01
-4.302606e-01
-4.224305e-01
-4.146247e-01
-4.068433e-01
-3.990864e-01
-3.913541e-01
-3.836464e-01
-3.759636e-01
-3.683055e-01
-3.606723e-01
-3.530640e-01
-3.454807e-01
-3.379224e-01
-3.303891e-01
-3.228809e-01
-3.153978e-01
-3.079399e-01
-3.005071e-01
-2.930994e-01
-2.857170e-01
-2.783597e-01
-2.710276e-01
-2.637207e-01
-2.564389e-01
-2.491824e-01
-2.419510e-01
-2.347447e-01
-2.275636e-01
-2.204076e-01
-2.132767e-01
-2.061708e-01
-1.990900e-01
-1.920342e-01
-1.850034e-01
-1.779975e-01
-1.710165e-01
-1.640604e-01
-1.571291e-01
-1.502226e-01
-1.433408e-01
-1.364837e-01
-1.296513e-01
-1.228434e-01
-1.160601e-01
-1.093012e-01
-1.025668e-01
-9.585673e-02
-8.917099e-02
-8.250949e-02
-7.587219e-02
-6.925901e-02
-6.266990e-02
-5.610479e-02
-4.956362e-02
-4.304632e-02
-3.655281e-02
-3.008304e-02
-2.363694e-02
-1.721442e-02
-1.081543e-02
-4.439891e-03
1.912274e-03
8.241135e-03
1.454677e-02
2.082924e-02
2.708864e-02
3.332503e-02
3.953850e-02
4.572912e-02
5.189697e-02
5.804212e-02
6.416466e-02
7.026466e-02
7.634221e-02
8.239738e-02
8.843026e-02
9.444091e-02
1.004294e-01
1.063959e-01
1.123404e-01
1.182630e-01
1.241638e-01
1.300429e-01
1.359003e-01
1.417362e-01
1.475506e-01
1.533436e-01
1.591152e-01
1.648657e-01
1.705950e-01
1.763032e-01
1.819905e-01
1.876568e-01
1.933024e-01
1.989272e-01
2.045313e-01
2.101149e-01
2.156780e-01
2.212208e-01
2.267432e-01
2.322453e-01
2.377274e-01
2.431893e-01
2.486313e-01
2.540534e-01
2.594557e-01
2.648382e-01
2.702011e-01
2.755444e-01
2.808682e-01
2.861726e-01
2.914577e-01
2.967236e-01
3.019703e-01
3.071979e-01
3.124066e-01
3.175963e-01
3.227672e-01
3.279194e-01
3.330528e-01
3.381677e-01
3.432641e-01
3.483420e-01
3.534016e-01
3.584430e-01
3.634661e-01
3.684712e-01
3.734582e-01
3.784272e-01
3.833784e-01
3.883118e-01
3.932274e-01
3.981255e-01
4.030059e-01
4.078689e-01
4.127145e-01
4.175427e-01
4.223537e-01
4.271475e-01
4.319243e-01
4.366839e-01
4.414267e-01
4.461526e-01
4.508616e-01
4.555540e-01
4.602297e-01
4.648888e-01
4.695314e-01
4.741576e-01
4.787674e-01
4.833610e-01
4.879383e-01
4.924995e-01
4.970447e-01
5.015738e-01
5.060870e-01
5.105844e-01
5.150660e-01
5.195319e-01
5.239821e-01
5.284168e-01
5.328360e-01
5.372398e-01
5.416282e-01
5.460013e-01
5.503592e-01
5.547019e-01
5.590296e-01
5.633422e-01
5.676399e-01
5.719227e-01
5.761906e-01
5.804439e-01
5.846824e-01
5.889064e-01
5.931157e-01
5.973106e-01
6.014911e-01
6.056572e-01
6.098091e-01
6.139467e-01
6.180701e-01
6.221794e-01
6.262747e-01
6.303560e-01
6.344234e-01
6.384770e-01
6.425168e-01
6.465428e-01
6.505552e-01
6.545540e-01
6.585392e-01
6.625110e-01
6.664693e-01
6.704143e-01
6.743460e-01
6.782644e-01
6.821697e-01
6.860618e-01
6.899409e-01
6.938069e-01
6.976600e-01
7.015002e-01
7.053276e-01
7.091422e-01
7.129441e-01
7.167334e-01
7.205100e-01
7.242741e-01
7.280256e-01
7.317648e-01
7.354915e-01
7.392059e-01
7.429081e-01
7.465980e-01
7.502758e-01
7.539414e-01
7.575950e-01
7.612366e-01
7.648663e-01
7.684840e-01
7.720899e-01
7.756840e-01
7.792664e-01
7.828370e-01
7.863961e-01
7.899435e-01
7.934794e-01
7.970038e-01
8.005168e-01
8.040184e-01
8.075087e-01
8.109876e-01
8.144554e-01
8.179119e-01
8.213573e-01
8.247916e-01
8.282149e-01
8.316272e-01
8.350286e-01
8.384190e-01
8.417986e-01
8.451674e-01
8.485254e-01
8.518727e-01
8.552093e-01
8.585352e-01
8.618498e-01
8.651494e-01
8.684113e-01
8.714924e-01
8.735086e-01
8.690516e-01
8.257398e-01
5.654691e-01
-5.366473e-01
-2.138772e+00
-2.294698e+00
-2.267972e+00
-2.255733e+00
-2.242473e+00
-2.229184e+00
-2.215817e+00
-2.202379e+00
-2.188876e+00
-2.175315e+00
-2.161700e+00
-2.148035e+00
-2.134327e+00
-2.120579e+00
-2.106795e+00
-2.092979e+00
-2.079136e+00
-2.065269e+00
-2.051381e+00
-2.037476e+00
-2.023557e+00
-2.009627e+00
-1.995688e+00
-1.981744e+00
-1.967798e+00
-1.953851e+00
-1.939906e+00
-1.925966e+00
-1.912032e+00
-1.898107e+00
-1.884193e+00
-1.870291e+00
-1.856404e+00
-1.842533e+00
-1.828679e+00
-1.814845e+00
-1.801033e+00
-1.787242e+00
-1.773475e+00
-1.759734e+00
-1.746019e+00
-1.732331e+00
-1.718672e+00
-1.705043e+00
-1.691445e+00
-1.677879e+00
-1.664346e+00
-1.650847e+00
-1.637382e+00
-1.623953e+00
-1.610561e+00
-1.597205e+00
-1.583887e+00
-1.570608e+00
-1.557367e+00
-1.544167e+00
-1.531007e+00
-1.517888e+00
-1.504810e+00
-1.491774e+00
-1.478780e+00
-1.465830e+00
-1.452922e+00
-1.440059e+00
-1.427239e+00
-1.414464e+00
-1.401733e+00
-1.389048e+00
-1.376407e+00
-1.363813e+00
-1.351264e+00
-1.338762e+00
-1.326305e+00
-1.313895e+00
-1.301532e+00
-1.289216e+00
-1.276947e+00
-1.264725e+00
-1.252551e+00
-1.240423e+00
-1.228344e+00
-1.216312e+00
-1.204327e+00
-1.192391e+00
-1.180502e+00
-1.168661e+00
-1.156868e+00
-1.145124e+00
-1.133427e+00
-1.121778e+00
-1.110176e+00
-1.098623e+00
-1.087118e+00
-1.075661e+00
-1.064252e+00
-1.052890e+00
-1.041577e+00
-1.030311e+00
-1.019093e+00
-1.007923e+00
-9.967998e-01
-9.857245e-01
-9.746967e-01
-9.637164e-01
-9.527833e-01
-9.418974e-01
-9.310587e-01
-9.202671e-01
-9.095224e-01
-8.988247e-01
-8.881737e-01
-8.775694e-01
-8.670117e-01
-8.565006e-01
-8.460359e-01
-8.356175e-01
-8.252453e-01
-8.149193e-01
-8.046394e-01
-7.944054e-01
-7.842174e-01
-7.740751e-01
-7.639786e-01
-7.539278e-01
-7.439225e-01
-7.339627e-01
-7.240484e-01
-7.141794e-01
-7.043557e-01
-6.945773e-01
-6.848441e-01
-6.751561e-01
-6.655132e-01
-6.559153e-01
-6.463625e-01
-6.368546e-01
-6.273918e-01
-6.179739e-01
-6.086009e-01
-5.992728e-01
-5.899897e-01
-5.807514e-01
-5.715581e-01
-5.624097e-01
-5.533062e-01
-5.442477e-01
-5.352341e-01
-5.262656e-01
-5.173421e-01
-5.084636e-01
-4.996303e-01
-4.908422e-01
-4.820994e-01
-4.734018e-01
-4.647496e-01
-4.561430e-01
-4.475818e-01
-4.390664e-01
-4.305967e-01
-4.221729e-01
-4.137951e-01
-4.054635e-01
-3.971781e-01
-3.889393e-01
-3.807470e-01
-3.726016e-01
-3.645032e-01
-3.564521e-01
-3.484483e-01
-3.404923e-01
-3.325843e-01
-3.247244e-01
-3.169132e-01
-3.091508e-01
-3.014376e-01
-2.937740e-01
-2.861603e-01
-2.785971e-01
-2.710847e-01
-2.636236e-01
-2.562144e-01
-2.488576e-01
-2.415537e-01
-2.343035e-01
-2.271075e-01
-2.199665e-01
-2.128813e-01
-2.058527e-01
-1.988814e-01
-1.919686e-01
-1.851151e-01
-1.783219e-01
-1.715903e-01
-1.649214e-01
-1.583164e-01
-1.517767e-01
-1.453037e-01
-1.388989e-01
-1.325639e-01
-1.263005e-01
-1.201104e-01
-1.139954e-01
-1.079577e-01
-1.019993e-01
-9.612249e-02
-9.032957e-02
-8.462303e-02
-7.900547e-02
-7.347959e-02
-6.804825e-02
-6.271441e-02
-5.748117e-02
-5.235173e-02
-4.732944e-02
-4.241773e-02
-3.762016e-02
