0
1.068209e-02
2.128680e-02
3.181478e-02
4.226665e-02
5.264304e-02
6.294457e-02
7.317186e-02
8.332554e-02
9.340622e-02
1.034145e-01
1.133510e-01
1.232163e-01
1.330111e-01
1.427358e-01
1.523912e-01
1.619778e-01
1.714961e-01
1.809469e-01
1.903305e-01
1.996477e-01
2.088990e-01
2.180849e-01
2.272061e-01
2.362630e-01
2.452562e-01
2.541863e-01
2.630538e-01
2.718593e-01
2.806033e-01
2.892863e-01
2.979088e-01
3.064715e-01
3.149747e-01
3.234190e-01
3.318050e-01
3.401331e-01
3.484038e-01
3.566176e-01
3.647751e-01
3.728767e-01
3.809228e-01
3.889141e-01
3.968509e-01
4.047338e-01
4.125631e-01
4.203394e-01
4.280631e-01
4.357347e-01
4.433547e-01
4.509234e-01
4.584413e-01
4.659089e-01
4.733266e-01
4.806948e-01
4.880140e-01
4.952846e-01
5.025070e-01
5.096816e-01
5.168089e-01
5.238892e-01
5.309229e-01
5.379105e-01
5.448523e-01
5.517488e-01
5.586003e-01
5.654073e-01
5.721700e-01
5.788889e-01
5.855644e-01
5.921968e-01
5.987865e-01
6.053338e-01
6.118392e-01
6.183029e-01
6.247254e-01
6.311070e-01
6.374480e-01
6.437488e-01
6.500097e-01
6.562311e-01
6.624132e-01
6.685565e-01
6.746612e-01
6.807277e-01
6.867563e-01
6.927474e-01
6.987011e-01
7.046179e-01
7.104981e-01
7.163419e-01
7.221497e-01
7.279217e-01
7.336583e-01
7.393598e-01
7.450264e-01
7.506585e-01
7.562563e-01
7.618201e-01
7.673501e-01
7.728468e-01
7.783103e-01
7.837409e-01
7.891389e-01
7.945046e-01
7.998382e-01
8.051399e-01
8.104101e-01
8.156490e-01
8.208569e-01
8.260339e-01
8.311805e-01
8.362967e-01
8.413829e-01
8.464392e-01
8.514660e-01
8.564635e-01
8.614318e-01
8.663714e-01
8.712822e-01
8.761647e-01
8.810190e-01
8.858454e-01
8.906440e-01
8.954151e-01
9.001590e-01
9.048757e-01
9.095656e-01
9.142289e-01
9.188657e-01
9.234763e-01
9.280609e-01
9.326197e-01
9.371528e-01
9.416605e-01
9.461431e-01
9.506006e-01
9.550332e-01
9.594412e-01
9.638248e-01
9.681842e-01
9.725194e-01
9.768308e-01
9.811185e-01
9.853827e-01
9.896235e-01
9.938412e-01
9.980359e-01
1.002208e+00
1.006357e+00
1.010484e+00
1.014588e+00
1.018671e+00
1.022731e+00
1.026770e+00
1.030787e+00
1.034783e+00
1.038757e+00
1.042710e+00
1.046642e+00
1.050554e+00
1.054444e+00
1.058314e+00
1.062164e+00
1.065994e+00
1.069803e+00
1.073593e+00
1.077363e+00
1.081113e+00
1.084844e+00
1.088555e+00
-7.772667e-03
-2.522245e-02
-3.718628e-02
-4.580716e-02
-5.215445e-02
-5.684229e-02
-6.025837e-02
-6.266455e-02
-6.424695e-02
-6.514316e-02
-6.545821e-02
-6.527431e-02
-6.465729e-02
-6.366077e-02
-6.232914e-02
-6.069967e-02
-5.880401e-02
-5.666934e-02
-5.431923e-02
-5.177427e-02
-4.905265e-02
-4.617050e-02
-4.314226e-02
-3.998090e-02
-3.669821e-02
-3.330489e-02
-2.981077e-02
-2.622488e-02
-2.255559e-02
-1.881068e-02
-1.499743e-02
-1.112267e-02
-7.192795e-03
-3.213594e-03
8.118286e-04
4.882690e-03
8.977384e-03
1.309009e-02
1.721561e-02
2.134894e-02
2.548521e-02
2.961968e-02
3.374764e-02
3.786447e-02
4.196558e-02
4.604635e-02
5.010219e-02
5.412845e-02
5.812039e-02
6.207322e-02
6.598200e-02
6.984164e-02
7.364686e-02
7.739216e-02
8.107177e-02
8.467960e-02
8.820919e-02
9.165364e-02
9.500556e-02
9.825696e-02
1.013991e-01
1.044226e-01
1.073170e-01
1.100707e-01
1.126709e-01
1.151030e-01
1.173509e-01
1.193959e-01
1.212167e-01
1.227886e-01
1.240826e-01
1.250646e-01
1.256937e-01
1.259203e-01
1.256834e-01
1.249066e-01
1.234922e-01
1.213123e-01
1.181943e-01
1.138969e-01
1.080662e-01
1.001508e-01
8.921487e-02
7.345832e-02
4.863945e-02
6.834048e-16
-1.447726e+00
-1.439370e+00
-1.430974e+00
-1.422541e+00
-1.414071e+00
-1.405564e+00
-1.397024e+00
-1.388449e+00
-1.379842e+00
-1.371203e+00
-1.362534e+00
-1.353835e+00
-1.345106e+00
-1.336350e+00
-1.327566e+00
-1.318755e+00
-1.309918e+00
-1.301057e+00
-1.292170e+00
-1.283259e+00
-1.274326e+00
-1.265369e+00
-1.256390e+00
-1.247389e+00
-1.238368e+00
-1.229326e+00
-1.220263e+00
-1.211181e+00
-1.202080e+00
-1.192960e+00
-1.183822e+00
-1.174667e+00
-1.165493e+00
-1.156303e+00
-1.147096e+00
-1.137873e+00
-1.128634e+00
-1.119380e+00
-1.110110e+00
-1.100826e+00
-1.091527e+00
-1.082214e+00
-1.072887e+00
-1.063546e+00
-1.054193e+00
-1.044826e+00
-1.035447e+00
-1.026055e+00
-1.016651e+00
-1.007235e+00
-9.978076e-01
-9.883687e-01
-9.789187e-01
-9.694579e-01
-9.599864e-01
-9.505044e-01
-9.410123e-01
-9.315102e-01
-9.219983e-01
-9.124768e-01
-9.029460e-01
-8.934060e-01
-8.838571e-01
-8.742994e-01
-8.647331e-01
-8.551585e-01
-8.455756e-01
-8.359848e-01
-8.263861e-01
-8.167797e-01
-8.071658e-01
-7.975446e-01
-7.879162e-01
-7.782809e-01
-7.686386e-01
-7.589897e-01
-7.493343e-01
-7.396724e-01
-7.300044e-01
-7.203302e-01
-7.106501e-01
-7.009643e-01
-6.912727e-01
-6.815757e-01
-6.718733e-01
-6.621656e-01
-6.524528e-01
-6.427351e-01
-6.330125e-01
-6.232852e-01
-6.135533e-01
-6.038170e-01
-5.940763e-01
-5.843314e-01
-5.745824e-01
-5.648294e-01
-5.550726e-01
-5.453121e-01
-5.355479e-01
-5.257803e-01
-5.160093e-01
-5.062349e-01
-4.964575e-01
-4.866770e-01
-4.768935e-01
-4.671073e-01
-4.573183e-01
-4.475267e-01
-4.377326e-01
-4.279361e-01
-4.181374e-01
-4.083365e-01
-3.985334e-01
-3.887285e-01
-3.789216e-01
-3.691130e-01
-3.593028e-01
-3.494910e-01
-3.396777e-01
-3.298631e-01
-3.200473e-01
-3.102303e-01
-3.004122e-01
-2.905932e-01
-2.807734e-01
-2.709528e-01
-2.611316e-01
-2.513098e-01
-2.414876e-01
-2.316650e-01
-2.218422e-01
-2.120193e-01
-2.021963e-01
-1.923733e-01
-1.825505e-01
-1.727280e-01
-1.629058e-01
-1.530840e-01
-1.432628e-01
-1.334423e-01
-1.236225e-01
-1.138035e-01
-1.039855e-01
-9.416858e-02
-8.435277e-02
-7.453819e-02
-6.472494e-02
-5.491309e-02
-4.510271e-02
-3.529383e-02
-2.548640e-02
-1.568019e-02
-5.874323e-03
3.936578e-03
1.369704e-02
2.339817e-02
3.303872e-02
4.261845e-02
5.213747e-02
6.159597e-02
7.099425e-02
8.033262e-02
8.961143e-02
9.883101e-02
1.079917e-01
1.170940e-01
1.261381e-01
1.351244e-01
1.440534e-01
1.529253e-01
1.617405e-01
1.704995e-01
1.792026e-01
1.878502e-01
1.964425e-01
2.049801e-01
2.134632e-01
2.218923e-01
2.302677e-01
2.385898e-01
2.468589e-01
2.550755e-01
2.632398e-01
2.713522e-01
2.794131e-01
2.874230e-01
2.953820e-01
3.032906e-01
3.111491e-01
3.189579e-01
3.267174e-01
3.344279e-01
3.420897e-01
3.497032e-01
3.572688e-01
3.647867e-01
3.722574e-01
3.796811e-01
3.870583e-01
3.943892e-01
4.016742e-01
4.089136e-01
4.161077e-01
4.232569e-01
4.303616e-01
4.374219e-01
4.444384e-01
4.514112e-01
4.583406e-01
4.652271e-01
4.720710e-01
4.788724e-01
4.856318e-01
4.923495e-01
4.990258e-01
5.056609e-01
5.122551e-01
5.188089e-01
5.253224e-01
5.317959e-01
5.382299e-01
5.446244e-01
5.509799e-01
5.572966e-01
5.635748e-01
5.698148e-01
5.760169e-01
5.821813e-01
5.883083e-01
5.943981e-01
6.004512e-01
6.064676e-01
6.124478e-01
6.183919e-01
6.243002e-01
6.301730e-01
6.360105e-01
6.418130e-01
6.475807e-01
6.533139e-01
6.590128e-01
6.646777e-01
6.703088e-01
6.759064e-01
6.814707e-01
6.870019e-01
6.925002e-01
6.979660e-01
7.033994e-01
7.088007e-01
7.141700e-01
7.195076e-01
7.248138e-01
7.300887e-01
7.353325e-01
7.405452e-01
-9.477661e-01
-9.394061e-01
-9.310043e-01
-9.225623e-01
-9.140814e-01
-9.055629e-01
-8.970081e-01
-8.884182e-01
-8.797942e-01
-8.711373e-01
-8.624485e-01
-8.537287e-01
-8.449789e-01
-8.362000e-01
-8.273928e-01
-8.185581e-01
-8.096968e-01
-8.008096e-01
-7.918971e-01
-7.829602e-01
-7.739994e-01
-7.650155e-01
-7.560089e-01
-7.469804e-01
-7.379305e-01
-7.288597e-01
-7.197686e-01
-7.106577e-01
-7.015275e-01
-6.923785e-01
-6.832111e-01
-6.740258e-01
-6.648230e-01
-6.556032e-01
-6.463668e-01
-6.371141e-01
-6.278456e-01
-6.185615e-01
-6.092624e-01
-5.999485e-01
-5.906202e-01
-5.812778e-01
-5.719216e-01
-5.625520e-01
-5.531693e-01
-5.437737e-01
-5.343655e-01
-5.249451e-01
-5.155127e-01
-5.060686e-01
-4.966130e-01
-4.871463e-01
-4.776686e-01
-4.681801e-01
-4.586813e-01
-4.491722e-01
-4.396531e-01
-4.301242e-01
-4.205858e-01
-4.110380e-01
-4.014811e-01
-3.919152e-01
-3.823407e-01
-3.727576e-01
-3.631662e-01
-3.535666e-01
-3.439591e-01
-3.343438e-01
-3.247209e-01
-3.150906e-01
-3.054530e-01
-2.958083e-01
-2.861568e-01
-2.764985e-01
-2.668335e-01
-2.571622e-01
-2.474846e-01
-2.378009e-01
-2.281112e-01
-2.184156e-01
-2.087144e-01
-1.990077e-01
-1.892956e-01
-1.795782e-01
-1.698557e-01
-1.601282e-01
-1.503959e-01
-1.406589e-01
-1.309173e-01
-1.211712e-01
-1.114209e-01
-1.016663e-01
-9.190760e-02
-8.214496e-02
-7.237847e-02
-6.260822e-02
-5.283430e-02
-4.305677e-02
-3.327565e-02
-2.349083e-02
-1.370194e-02
-3.907605e-03
5.903276e-03
1.566423e-02
2.537056e-02
3.502109e-02
4.461542e-02
5.415344e-02
6.363518e-02
7.306077e-02
8.243037e-02
9.174415e-02
1.010023e-01
1.102052e-01
1.193528e-01
1.284456e-01
1.374837e-01
1.464674e-01
1.553970e-01
1.642728e-01
1.730949e-01
1.818637e-01
1.905795e-01
1.992425e-01
2.078530e-01
2.164113e-01
2.249176e-01
2.333724e-01
2.417758e-01
2.501282e-01
2.584298e-01
2.666810e-01
2.748821e-01
2.830332e-01
2.911349e-01
2.991872e-01
3.071906e-01
3.151454e-01
3.230518e-01
3.309101e-01
3.387207e-01
3.464839e-01
3.541999e-01
3.618691e-01
3.694917e-01
3.770682e-01
3.845987e-01
3.920835e-01
3.995230e-01
4.069176e-01
4.142673e-01
4.215727e-01
4.288339e-01
4.360513e-01
4.432252e-01
4.503558e-01
4.574435e-01
4.644886e-01
4.714913e-01
4.784520e-01
4.853708e-01
4.922482e-01
4.990845e-01
5.058798e-01
5.126345e-01
5.193489e-01
5.260232e-01
5.326578e-01
5.392529e-01
5.458088e-01
5.523257e-01
5.588040e-01
5.652440e-01
5.716458e-01
5.780099e-01
5.843363e-01
5.906255e-01
5.968777e-01
6.030931e-01
6.092721e-01
6.154148e-01
6.215215e-01
6.275926e-01
6.336282e-01
6.396286e-01
6.455941e-01
6.515249e-01
6.574212e-01
6.632834e-01
6.691117e-01
6.749062e-01
6.806673e-01
6.863953e-01
6.920902e-01
6.977525e-01
7.033823e-01
7.089798e-01
7.145453e-01
7.200790e-01
7.255812e-01
7.310521e-01
7.364919e-01
7.419009e-01
7.472791e-01
7.526270e-01
7.579447e-01
7.632324e-01
7.684904e-01
7.737188e-01
7.789179e-01
7.840879e-01
7.892290e-01
7.943414e-01
7.994253e-01
8.044810e-01
8.095086e-01
8.145083e-01
8.194803e-01
8.244249e-01
8.293422e-01
8.342325e-01
8.390959e-01
8.439326e-01
8.487428e-01
8.535267e-01
8.582845e-01
8.630164e-01
8.677226e-01
8.724032e-01
8.770585e-01
8.816886e-01
8.862937e-01
8.908739e-01
8.954296e-01
8.999607e-01
9.044676e-01
9.089503e-01
9.134091e-01
9.178442e-01
9.222556e-01
9.266436e-01
9.310083e-01
9.353499e-01
9.396686e-01
9.439645e-01
9.482378e-01
9.524886e-01
9.567172e-01
9.609235e-01
9.651079e-01
9.692705e-01
9.734114e-01
9.775308e-01
9.816288e-01
9.857055e-01
8.803460e-01
-4.665097e-02
-7.097669e-02
-8.677090e-02
-9.795955e-02
-1.062138e-01
-1.124096e-01
-1.170684e-01
-1.205286e-01
-1.230237e-01
-1.247229e-01
-1.257528e-01
-1.262115e-01
-1.261764e-01
-1.257101e-01
-1.248640e-01
-1.236810e-01
-1.221972e-01
-1.204434e-01
-1.184464e-01
-1.162293e-01
-1.138125e-01
-1.112140e-01
-1.084498e-01
-1.055343e-01
-1.024805e-01
-9.930011e-02
-9.600398e-02
-9.260192e-02
-8.910302e-02
-8.551571e-02
-8.184784e-02
-7.810673e-02
-7.429931e-02
-7.043210e-02
-6.651127e-02
-6.254274e-02
-5.853216e-02
-5.448498e-02
-5.040645e-02
-4.630170e-02
-4.217572e-02
-3.803340e-02
-3.387959e-02
-2.971905e-02
-2.555657e-02
-2.139690e-02
-1.724483e-02
-1.310522e-02
-8.982973e-03
-4.883167e-03
-8.113538e-04
3.214069e-03
7.189900e-03
1.111267e-02
1.497680e-02
1.877624e-02
2.250456e-02
2.615494e-02
2.972010e-02
3.319224e-02
3.656291e-02
3.982297e-02
4.296239e-02
4.597017e-02
4.883411e-02
5.154060e-02
5.407439e-02
5.641819e-02
5.855230e-02
6.045405e-02
6.209712e-02
6.345067e-02
6.447812e-02
6.513557e-02
6.536960e-02
6.511420e-02
6.428622e-02
6.277881e-02
6.045100e-02
5.711108e-02
5.248812e-02
4.618015e-02
3.755095e-02
2.549970e-02
7.855069e-03
-1.782485e+00
-1.772478e+00
-1.762459e+00
-1.752429e+00
-1.742388e+00
-1.732336e+00
-1.722273e+00
-1.712199e+00
-1.702115e+00
-1.692021e+00
-1.681916e+00
-1.671802e+00
-1.661678e+00
-1.651545e+00
-1.641402e+00
-1.631250e+00
-1.621089e+00
-1.610919e+00
-1.600740e+00
-1.590552e+00
-1.580356e+00
-1.570151e+00
-1.559938e+00
-1.549717e+00
-1.539488e+00
-1.529251e+00
-1.519007e+00
-1.508754e+00
-1.498494e+00
-1.488227e+00
-1.477952e+00
-1.467671e+00
-1.457382e+00
-1.447086e+00
-1.436783e+00
-1.426473e+00
-1.416157e+00
-1.405834e+00
-1.395505e+00
-1.385169e+00
-1.374827e+00
-1.364479e+00
-1.354124e+00
-1.343764e+00
-1.333397e+00
-1.323025e+00
-1.312647e+00
-1.302263e+00
-1.291874e+00
-1.281479e+00
-1.271079e+00
-1.260674e+00
-1.250263e+00
-1.239847e+00
-1.229425e+00
-1.218999e+00
-1.208568e+00
-1.198132e+00
-1.187691e+00
-1.177245e+00
-1.166794e+00
-1.156339e+00
-1.145879e+00
-1.135415e+00
-1.124946e+00
-1.114473e+00
-1.103996e+00
-1.093514e+00
-1.083028e+00
-1.072538e+00
-1.062044e+00
-1.051546e+00
-1.041044e+00
-1.030538e+00
-1.020028e+00
-1.009515e+00
-9.989972e-01
-9.884762e-01
-9.779516e-01
-9.674233e-01
-9.568916e-01
-9.463564e-01
-9.358178e-01
-9.252759e-01
-9.147306e-01
-9.041821e-01
-8.936303e-01
-8.830754e-01
-8.725174e-01
-8.619563e-01
-8.513921e-01
-8.408250e-01
-8.302550e-01
-8.196821e-01
-8.091064e-01
-7.985278e-01
-7.879465e-01
-7.773625e-01
-7.667759e-01
-7.561866e-01
-7.455948e-01
-7.350004e-01
-7.244035e-01
-7.138042e-01
-7.032025e-01
-6.925984e-01
-6.819920e-01
-6.713833e-01
-6.607724e-01
-6.501592e-01
-6.395439e-01
-6.289265e-01
-6.183070e-01
-6.076854e-01
-5.970618e-01
-5.864362e-01
-5.758087e-01
-5.651793e-01
-5.545481e-01
-5.439150e-01
-5.332801e-01
-5.226434e-01
-5.120051e-01
-5.013651e-01
-4.907234e-01
-4.800801e-01
-4.694352e-01
-4.587888e-01
-4.481409e-01
-4.374915e-01
-4.268406e-01
-4.161884e-01
-4.055348e-01
-3.948798e-01
-3.842236e-01
-3.735660e-01
-3.629073e-01
-3.522473e-01
-3.415862e-01
-3.309239e-01
-3.202605e-01
-3.095960e-01
-2.989305e-01
-2.882640e-01
-2.775965e-01
-2.669281e-01
-2.562587e-01
-2.455885e-01
-2.349174e-01
-2.242455e-01
-2.135728e-01
-2.028993e-01
-1.922251e-01
-1.815502e-01
-1.708747e-01
-1.601985e-01
-1.495217e-01
-1.388443e-01
-1.281664e-01
-1.174880e-01
-1.068091e-01
-9.612970e-02
-8.544991e-02
-7.476973e-02
-6.408919e-02
-5.340832e-02
-4.272714e-02
-3.204569e-02
-2.136399e-02
-1.068209e-02
-2.449213e-15
