0
1.701592e-01
3.382675e-01
5.041383e-01
6.675332e-01
8.281290e-01
9.854555e-01
1.138757e+00
1.286607e+00
1.425262e+00
1.529080e+00
-4.127878e-02
-4.248109e-02
1.400124e-02
7.528093e-02
1.065703e-01
1.914010e-16
-1.191990e+00
-1.111668e+00
-9.888609e-01
-8.517759e-01
-7.071607e-01
-5.578642e-01
-4.054452e-01
-2.508993e-01
-9.493721e-02
6.193660e-02
2.145881e-01
3.626640e-01
5.044989e-01
6.365803e-01
7.481837e-01
3.810840e-14
-7.570941e-01
-6.426887e-01
-5.079878e-01
-3.640832e-01
-2.146685e-01
-6.147738e-02
9.539609e-02
2.506338e-01
4.035866e-01
5.535596e-01
6.996325e-01
8.403856e-01
9.732105e-01
1.091830e+00
1.169412e+00
2.600302e-14
-1.066366e-01
-7.528789e-02
-1.399562e-02
4.248671e-02
4.126453e-02
-1.574575e+00
-1.463774e+00
-1.317650e+00
-1.162673e+00
-1.002906e+00
-8.399678e-01
-6.747410e-01
-5.077871e-01
-3.394966e-01
-1.701592e-01
-2.449213e-15
